-7.000000000000000888e+00
-5.968085106382980065e+00
-7.521739130434782261e+00
-6.646408839779008204e+00
-6.082872928176795035e+00
-6.199999999999992184e+00
-7.038043478260871844e+00
-6.249999999999992895e+00
-7.505813953488365442e+00
-7.070270270270271773e+00
-7.159999999999998366e+00
-6.758974358974348284e+00
-7.151685393258421009e+00
-6.113513513513513686e+00
-6.189189189189189477e+00
-6.242105263157888828e+00
-6.770491803278686938e+00
-7.011363636363639351e+00
-6.367875647668403971e+00
-6.474747474747476694e+00
-7.125654450261778017e+00
-6.139896373057004197e+00
-6.699999999999997513e+00
-6.000000000000004441e+00
-6.908602150537647368e+00
-7.268571428571430459e+00
-6.932584269662919851e+00
-6.038888888888879869e+00
-6.096590909090910948e+00
-6.212290502793299751e+00
-6.306010928961742756e+00
-6.627027027027033057e+00
-6.387640449438197976e+00
-6.728260869565212410e+00
-6.119791666666667851e+00
-6.421875000000000000e+00
-6.126984126984130086e+00
-6.613756613756616609e+00
-6.591623036649213674e+00
-7.629032258064528449e+00
-6.328042328042329245e+00
-6.446153846153838352e+00
-5.988372093023253129e+00
-5.703703703703702388e+00
-6.067796610169489568e+00
-6.031578947368418042e+00
-5.801047120418845182e+00
-7.424731182795710538e+00
-6.725888324873092294e+00
-6.342541436464096627e+00
-5.935483870967747322e+00
-5.969072164948445725e+00
-7.210810810810810878e+00
-6.505494505494496593e+00
-6.356756756756761106e+00
-5.590163934426226611e+00
-5.632768361581920402e+00
-6.248520710059171535e+00
-6.577142857142859178e+00
-6.534883720930226403e+00
-6.463157894736839104e+00
-5.854838709677425257e+00
-6.482412060301506074e+00
-6.482758620689659246e+00
-6.593582887700533135e+00
-5.543010752688177334e+00
-6.505263157894729531e+00
-5.312138728323700043e+00
-6.220994475138122759e+00
-6.994475138121549307e+00
-6.539682539682538653e+00
-6.360215053763450754e+00
-6.297752808988761331e+00
-6.939226519337018395e+00
-6.438202247191006755e+00
-6.353932584269663231e+00
-6.228571428571429536e+00
-6.596685082872934203e+00
-6.404040404040403978e+00
-6.632124352331616457e+00
-6.448648648648646287e+00
-6.026881720430116829e+00
-5.661016949152538835e+00
-6.487046632124362056e+00
-5.401098901098894345e+00
-5.824468085106380144e+00
-5.694915254237286284e+00
-6.701086956521737470e+00
-6.115789473684206889e+00
-6.553672316384179908e+00
-5.817204301075271644e+00
-6.201086956521740134e+00
-6.534482758620688614e+00
-6.251366120218578182e+00
-5.331606217616586818e+00
-7.049180327868850959e+00
-6.048128342245987277e+00
-6.010471204188482908e+00
-6.236363636363632779e+00
-5.239361702127653508e+00
