-7.005263157894733084e+00
-5.962765957446809928e+00
-6.326203208556148816e+00
-7.068181818181817455e+00
-6.677595628415295081e+00
-7.360655737704914436e+00
-6.883977900552490148e+00
-6.866310160427801179e+00
-5.912087912087905295e+00
-6.891304347826086918e+00
-6.215053763440866241e+00
-7.105555555555546299e+00
-6.951612903225815820e+00
-6.849999999999991651e+00
-6.654450261780107567e+00
-5.531250000000000000e+00
-6.213872832369943033e+00
-6.297752808988763995e+00
-6.078534031413608041e+00
-6.878612716763002233e+00
-6.497409326424880227e+00
-6.146596858638742056e+00
-6.549132947976877617e+00
-6.884615384615374367e+00
-7.191256830601091998e+00
