-5.967391304347825276e+00
-7.169491525423733691e+00
-6.807017543859648079e+00
-5.913513513513514397e+00
-6.682795698924738126e+00
-5.623036649214657956e+00
-5.955801104972379356e+00
-6.218085106382971183e+00
-7.317204301075276973e+00
-6.124999999999995559e+00
-5.467836257309940606e+00
-6.359374999999999112e+00
-5.575129533678762073e+00
-6.164893617021268923e+00
-5.994382022471904214e+00
-6.726256983240233467e+00
-6.428571428571430602e+00
-6.249999999999999112e+00
-6.700534759358288461e+00
-5.743016759776541136e+00
-5.941176470588233727e+00
-6.154639175257725192e+00
-6.882022471910108408e+00
-6.143646408839779305e+00
-5.533333333333331439e+00
